0 0.8671875 0.4890625 0.1046875 0.23125
0 0.40625 0.5140625 0.103125 0.228125
0 0.29375 0.5109375 0.11875 0.2234375
0 0.13125 0.5234375 0.084375 0.234375
0 0.646875 0.5015625 0.0703125 0.221875
0 0.86796875 0.11015625 0.1046875 0.2203125
0 0.86796875 0.89921875 0.1046875 0.2015625
0 0.40625 0.096875 0.103125 0.19375
0 0.40625 0.8875 0.103125 0.225
0 0.29375 0.096875 0.11875 0.19375
0 0.29375 0.88984375 0.11875 0.2203125
0 0.13125 0.09375 0.084375 0.1875
0 0.13125 0.88125 0.084375 0.234375
0 0.64765625 0.1015625 0.0703125 0.203125
0 0.64765625 0.8953125 0.0703125 0.209375