3 0.71328125 0.40859375 0.25 0.3859375
3 0.42890625 0.40390625 0.234375 0.3390625
3 0.13046875 0.559375 0.2609375 0.6546875
0 0.375 0.75390625 0.2828125 0.2359375
3 0.9 0.53828125 0.2 0.3390625
3 0.884375 0.28359375 0.20625 0.2359375
3 0.65859375 0.08046875 0.215625 0.1609375
3 0.3796875 0.09765625 0.2078125 0.1765625
3 0.07890625 0.13984375 0.1578125 0.2046875
3 0.1921875 0.9359375 0.1984375 0.128125
0 0.4078125 0.92578125 0.278125 0.1484375
3 0.94453125 0.9609375 0.1109375 0.078125
3 0.8515625 0.08984375 0.2015625 0.1796875