0 0.13515625 0.3875 0.1109375 0.2484375
0 0.58984375 0.42109375 0.109375 0.24375
0 0.7 0.41953125 0.125 0.2390625
0 0.86015625 0.43515625 0.090625 0.2515625
0 0.35234375 0.40390625 0.0765625 0.2375
0 0.121875 0.05078125 0.1109375 0.1015625
0 0.1484375 0.82421875 0.109375 0.215625
0 0.57578125 0.040625 0.1078125 0.08125
0 0.60234375 0.81875 0.109375 0.240625
0 0.6859375 0.04140625 0.1234375 0.0828125
0 0.7125 0.82265625 0.1234375 0.2359375
0 0.84609375 0.0390625 0.0890625 0.078125
0 0.87265625 0.81640625 0.090625 0.2515625
0 0.33828125 0.04375 0.0765625 0.0875
0 0.36484375 0.8234375 0.0765625 0.2234375