3 0.1 0.5 0.1984375 0.5625
3 0.478125 0.5421875 0.1203125 0.115625
3 0.584375 0.578125 0.071875 0.14375
3 0.2875 0.5875 0.1421875 0.271875
3 0.3484375 0.4546875 0.0546875 0.115625
3 0.2171875 0.415625 0.04375 0.0953125
3 0.721875 0.6890625 0.1125 0.184375
3 0.671875 0.6125 0.05625 0.0859375
3 0.4375 0.4625 0.0859375 0.09375
3 0.09921875 0.109375 0.1984375 0.21875
3 0.09921875 0.88984375 0.1984375 0.2203125
3 0.47734375 0.98046875 0.1203125 0.0390625
3 0.584375 0.95546875 0.071875 0.0890625
3 0.28671875 0.91875 0.1421875 0.1625
3 0.34765625 0.0203125 0.0546875 0.040625
3 0.2171875 0.034375 0.04375 0.06875
3 0.721875 0.871875 0.1125 0.184375
3 0.671875 0.9484375 0.05625 0.0859375
3 0.43671875 0.0109375 0.0859375 0.021875