3 0.33125 0.1734375 0.13125 0.321875
3 0.57734375 0.50234375 0.1125 0.321875
3 0.88046875 0.5015625 0.11875 0.321875
3 0.440625 0.5046875 0.1328125 0.325
3 0.25078125 0.5046875 0.1765625 0.3203125
3 0.85546875 0.17578125 0.1125 0.3234375
3 0.47421875 0.828125 0.0984375 0.3234375
3 0.09765625 0.50390625 0.13125 0.3265625
3 0.490625 0.178125 0.115625 0.321875
3 0.82265625 0.82734375 0.153125 0.325
3 0.6734375 0.175 0.203125 0.325
3 0.296875 0.83359375 0.140625 0.321875
3 0.65234375 0.83515625 0.1140625 0.3203125
3 0.1265625 0.17265625 0.21875 0.321875
3 0.09765625 0.83515625 0.125 0.3203125
3 0.7328125 0.50390625 0.1125 0.3203125