3 0.08046875 0.16796875 0.13125 0.3140625
3 0.9140625 0.16875 0.128125 0.3140625
3 0.4203125 0.16953125 0.159375 0.3125
3 0.07734375 0.5015625 0.15 0.3140625
3 0.74453125 0.16953125 0.1234375 0.3140625
3 0.5828125 0.16875 0.1296875 0.3125
3 0.24765625 0.50234375 0.134375 0.3140625
3 0.25859375 0.16953125 0.1125 0.3140625
3 0.5859375 0.50078125 0.13125 0.3125
3 0.91171875 0.4984375 0.1328125 0.3140625
3 0.74375 0.49765625 0.134375 0.3125
3 0.75 0.83359375 0.1546875 0.31875
3 0.4234375 0.83359375 0.15 0.321875
3 0.25234375 0.8328125 0.1359375 0.31875
3 0.4140625 0.49921875 0.1609375 0.3125
3 0.0875 0.83515625 0.153125 0.3203125
3 0.58515625 0.83359375 0.1453125 0.3203125
3 0.92890625 0.83515625 0.1296875 0.31875