3 0.234375 0.559375 0.1171875 0.375
3 0.346875 0.5125 0.109375 0.3234375
3 0.4328125 0.515625 0.1046875 0.3328125
3 0.525 0.571875 0.1484375 0.3875
3 0.640625 0.5390625 0.128125 0.3515625
3 0.8421875 0.5 0.3140625 0.5625
3 0.23359375 0.0328125 0.1171875 0.065625
3 0.23359375 0.9078125 0.1171875 0.184375
3 0.346875 0.04296875 0.109375 0.0859375
3 0.346875 0.94375 0.109375 0.1125
3 0.43203125 0.04375 0.1046875 0.0875
3 0.43203125 0.93984375 0.1046875 0.1203125
3 0.52421875 0.0296875 0.1484375 0.059375
3 0.52421875 0.8984375 0.1484375 0.203125
3 0.640625 0.03671875 0.128125 0.0734375
3 0.640625 0.9234375 0.128125 0.153125
3 0.84140625 0.109375 0.3140625 0.21875
3 0.84140625 0.890625 0.3140625 0.21875