2 0.6140625 0.503125 0.2109375 0.1125
2 0.3859375 0.50625 0.20625 0.11875
2 0.8515625 0.509375 0.2140625 0.1140625
2 0.8421875 0.696875 0.1796875 0.1015625
2 0.3125 0.7015625 0.196875 0.1203125
2 0.6078125 0.3015625 0.20625 0.10625
2 0.8375 0.303125 0.2 0.103125
2 0.390625 0.309375 0.1984375 0.103125
2 0.16875 0.3125 0.2015625 0.1171875
2 0.84140625 0.98671875 0.1796875 0.0265625
2 0.3125 0.9796875 0.196875 0.040625
2 0.6078125 0.01171875 0.20625 0.0234375
2 0.8375 0.01015625 0.2 0.0203125
2 0.38984375 0.00703125 0.1984375 0.0140625
2 0.16796875 0.00859375 0.2015625 0.0171875