3 0.8203125 0.36875 0.0953125 0.084375
3 0.6140625 0.421875 0.0546875 0.0875
3 0.7234375 0.421875 0.05625 0.075
3 0.659375 0.428125 0.059375 0.08125
3 0.315625 0.4546875 0.0421875 0.071875
3 0.3953125 0.4640625 0.04375 0.078125
3 0.4296875 0.4671875 0.0421875 0.0875
3 0.2796875 0.471875 0.0328125 0.065625
3 0.1296875 0.4859375 0.0375 0.1078125
3 0.2234375 0.4875 0.0375 0.0984375
3 0.784375 0.4875 0.06875 0.1640625
3 0.175 0.4890625 0.04375 0.078125
3 0.615625 0.5203125 0.0484375 0.0765625
3 0.08125 0.5234375 0.075 0.15
3 0.8515625 0.5328125 0.11875 0.25
3 0.5453125 0.534375 0.075 0.128125
3 0.740625 0.54375 0.08125 0.1515625
3 0.6734375 0.575 0.090625 0.1328125
3 0.5953125 0.6 0.078125 0.15625
3 0.5171875 0.6046875 0.0921875 0.15
3 0.1734375 0.6234375 0.078125 0.1515625
3 0.4265625 0.6265625 0.09375 0.1765625
3 0.265625 0.6390625 0.071875 0.1625
3 0.3453125 0.6421875 0.0828125 0.1625
3 0.8203125 0.13125 0.0953125 0.084375
3 0.6140625 0.078125 0.0546875 0.0875
3 0.7234375 0.078125 0.05625 0.075
3 0.659375 0.071875 0.059375 0.08125
3 0.315625 0.0453125 0.0421875 0.071875
3 0.3953125 0.0375 0.04375 0.075
3 0.3953125 0.9984375 0.04375 0.003125
3 0.42890625 0.03828125 0.0421875 0.0765625
3 0.42890625 0.99453125 0.0421875 0.0109375
3 0.27890625 0.03046875 0.0328125 0.0609375
3 0.27890625 0.99765625 0.0328125 0.0046875
3 0.1296875 0.03359375 0.0375 0.0671875
3 0.1296875 0.9796875 0.0375 0.040625
3 0.2234375 0.03046875 0.0375 0.0609375
3 0.2234375 0.98125 0.0375 0.0375
3 0.784375 0.046875 0.06875 0.09375
3 0.784375 0.96484375 0.06875 0.0703125
3 0.175 0.025 0.04375 0.05
3 0.175 0.9859375 0.04375 0.028125
3 0.61484375 0.00859375 0.0484375 0.0171875
3 0.61484375 0.9703125 0.0484375 0.059375
3 0.08125 0.02578125 0.075 0.0515625
3 0.08125 0.95078125 0.075 0.0984375
3 0.8515625 0.04609375 0.11875 0.0921875
3 0.8515625 0.92109375 0.11875 0.1578125
3 0.5453125 0.01484375 0.075 0.0296875
3 0.5453125 0.95078125 0.075 0.0984375
3 0.740625 0.015625 0.08125 0.03125
3 0.740625 0.93984375 0.08125 0.1203125
3 0.6734375 0.925 0.090625 0.1328125
3 0.5953125 0.9 0.078125 0.15625
3 0.5171875 0.8953125 0.0921875 0.15
3 0.1734375 0.8765625 0.078125 0.1515625
3 0.4265625 0.8734375 0.09375 0.1765625
3 0.265625 0.8609375 0.071875 0.1625
3 0.3453125 0.8578125 0.0828125 0.1625