2 0.196875 0.90703125 0.1640625 0.1375
3 0.928125 0.49609375 0.1078125 0.315625
3 0.36640625 0.49921875 0.0984375 0.3171875
3 0.34453125 0.1578125 0.1265625 0.2953125
3 0.765625 0.50078125 0.103125 0.309375
3 0.16328125 0.5 0.159375 0.3046875
3 0.78046875 0.8046875 0.1171875 0.2375
3 0.8796875 0.88984375 0.1109375 0.184375
3 0.59609375 0.78984375 0.0890625 0.2359375
3 0.8234375 0.16875 0.0796875 0.3125
3 0.671875 0.9265625 0.1671875 0.0984375
3 0.61640625 0.5140625 0.1046875 0.2765625
3 0.10625 0.853125 0.128125 0.2234375
3 0.896875 0.15703125 0.103125 0.3
3 0.51875 0.90625 0.1296875 0.1390625
3 0.59609375 0.16640625 0.0859375 0.3203125
3 0.53203125 0.4765625 0.096875 0.3578125
3 0.10625 0.16484375 0.159375 0.3234375