3 0.39375 0.5140625 0.1578125 0.3546875
3 0.4875 0.3671875 0.11875 0.184375
3 0.6234375 0.4296875 0.1703125 0.3765625
3 0.859375 0.5015625 0.2671875 0.5578125
3 0.25625 0.390625 0.140625 0.2
3 0.1359375 0.546875 0.1515625 0.3984375
3 0.39296875 0.05 0.1578125 0.1
3 0.39296875 0.934375 0.1578125 0.13125
3 0.4875 0.08125 0.11875 0.1625
3 0.62265625 0.09765625 0.1703125 0.1953125
3 0.62265625 0.97109375 0.1703125 0.0578125
3 0.85859375 0.10703125 0.2671875 0.2140625
3 0.85859375 0.88984375 0.2671875 0.2203125
3 0.25625 0.0734375 0.140625 0.146875
3 0.13515625 0.04453125 0.1515625 0.0890625
3 0.13515625 0.90703125 0.1515625 0.1859375