2 0.1734375 0.44765625 0.309375 0.0578125
2 0.85 0.4515625 0.2328125 0.0640625
2 0.8546875 0.61328125 0.234375 0.0671875
2 0.5265625 0.61328125 0.2671875 0.0609375
2 0.16484375 0.60859375 0.225 0.0625
2 0.84375 0.28046875 0.271875 0.05625
2 0.1703125 0.76875 0.24375 0.0328125
2 0.84453125 0.93828125 0.2359375 0.059375
2 0.528125 0.11875 0.2375 0.0671875
2 0.165625 0.27734375 0.2265625 0.075
2 0.5296875 0.45 0.3140625 0.0609375
2 0.528125 0.765625 0.2328125 0.06875
2 0.1859375 0.11875 0.3265625 0.059375
2 0.16640625 0.93984375 0.2828125 0.065625