3 0.1296875 0.3921875 0.165625 0.3296875
3 0.2546875 0.40625 0.16875 0.39375
3 0.4421875 0.5375 0.2546875 0.509375
3 0.4640625 0.246875 0.1609375 0.203125
3 0.6359375 0.44375 0.2234375 0.490625
3 0.8125 0.25625 0.1890625 0.2671875
3 0.8578125 0.6046875 0.275 0.440625
3 0.1296875 0.009375 0.165625 0.01875
3 0.2546875 0.01875 0.16875 0.0375
3 0.44140625 0.97890625 0.2546875 0.0421875
3 0.46328125 0.05078125 0.1609375 0.1015625
3 0.63515625 0.02421875 0.2234375 0.0484375
3 0.81171875 0.06171875 0.1890625 0.1234375
3 0.8578125 0.9625 0.275 0.075