3 0.4734375 0.540625 0.215625 0.4796875
3 0.665625 0.496875 0.1859375 0.5171875
3 0.8609375 0.5734375 0.278125 0.4125
3 0.321875 0.4671875 0.1125 0.2765625
3 0.2015625 0.409375 0.15625 0.3359375
3 0.4734375 0.06796875 0.215625 0.1359375
3 0.4734375 0.88984375 0.215625 0.2203125
3 0.66484375 0.09921875 0.1859375 0.1984375
3 0.66484375 0.90234375 0.1859375 0.1953125
3 0.8609375 0.03515625 0.278125 0.0703125
3 0.8609375 0.890625 0.278125 0.21875
3 0.321875 0.05390625 0.1125 0.1078125
3 0.321875 0.97734375 0.1125 0.0453125
3 0.2015625 0.09765625 0.15625 0.1953125
3 0.2015625 0.99140625 0.15625 0.0171875