2 0.2484375 0.2484375 0.134375 0.146875
2 0.22421875 0.559375 0.1390625 0.1625
2 0.71328125 0.2234375 0.2171875 0.1703125
2 0.09921875 0.54296875 0.128125 0.19375
2 0.36328125 0.23359375 0.1203125 0.1578125
2 0.3453125 0.54609375 0.1265625 0.1875
3 0.1453125 0.4984375 0.1703125 0.2828125
3 0.88203125 0.825 0.1234375 0.3234375
3 0.65234375 0.48984375 0.159375 0.3359375
3 0.85546875 0.49296875 0.1515625 0.365625
3 0.28984375 0.159375 0.1078125 0.2953125
3 0.48671875 0.81796875 0.1265625 0.353125
3 0.08515625 0.8234375 0.1171875 0.34375
3 0.6875 0.81328125 0.159375 0.3578125
3 0.29921875 0.5109375 0.1859375 0.2609375
3 0.290625 0.82890625 0.175 0.3015625
3 0.1765625 0.1953125 0.134375 0.234375
3 0.5125 0.46953125 0.0921875 0.3484375
3 0.79296875 0.16953125 0.2171875 0.2484375
3 0.66484375 0.1671875 0.1609375 0.2484375