3 0.3515625 0.446875 0.0875 0.18125
3 0.4609375 0.428125 0.0546875 0.1078125
3 0.528125 0.434375 0.078125 0.1296875
3 0.6546875 0.4484375 0.0984375 0.1453125
3 0.5921875 0.6046875 0.115625 0.11875
3 0.396875 0.5984375 0.1609375 0.11875
3 0.1734375 0.446875 0.0875 0.18125
3 0.0640625 0.428125 0.0546875 0.1078125
3 0.99140625 0.42734375 0.0171875 0.1078125
3 0.01796875 0.43359375 0.0359375 0.1296875
3 0.94375 0.434375 0.078125 0.1296875
3 0.8171875 0.4484375 0.0984375 0.1453125
3 0.8796875 0.6046875 0.115625 0.11875
3 0.128125 0.5984375 0.1609375 0.11875
3 0.996875 0.5984375 0.00625 0.11875