2 0.8546875 0.5015625 0.2234375 0.3953125
2 0.615625 0.521875 0.2546875 0.4234375
2 0.375 0.521875 0.2421875 0.365625
2 0.1515625 0.5421875 0.2015625 0.3390625
2 0.85390625 0.10078125 0.2234375 0.2015625
2 0.85390625 0.8953125 0.2234375 0.209375
2 0.61484375 0.09765625 0.2546875 0.1953125
2 0.61484375 0.878125 0.2546875 0.24375
2 0.37421875 0.08359375 0.2421875 0.1671875
2 0.37421875 0.89296875 0.2421875 0.2140625
2 0.15078125 0.06640625 0.2015625 0.1328125
2 0.15078125 0.8890625 0.2015625 0.221875