2 0.4890625 0.26796875 0.1890625 0.140625
2 0.19140625 0.903125 0.1765625 0.1265625
2 0.4921875 0.89765625 0.1828125 0.1359375
2 0.175 0.26796875 0.190625 0.1453125
2 0.17421875 0.10078125 0.1859375 0.10625
2 0.83046875 0.45234375 0.1921875 0.1421875
2 0.81796875 0.7203125 0.184375 0.1421875
2 0.81171875 0.26796875 0.14375 0.1421875
2 0.1953125 0.7203125 0.203125 0.1546875
2 0.81171875 0.89609375 0.146875 0.1375
2 0.5125 0.7203125 0.1640625 0.13125
2 0.1765625 0.44921875 0.1796875 0.1640625
2 0.52265625 0.44609375 0.16875 0.159375
2 0.47578125 0.09453125 0.215625 0.134375
2 0.78828125 0.10234375 0.1890625 0.15