3 0.4140625 0.1796875 0.121875 0.30625
3 0.40703125 0.50859375 0.121875 0.3125
3 0.08046875 0.84609375 0.11875 0.3046875
3 0.59140625 0.178125 0.1171875 0.3078125
3 0.25546875 0.84453125 0.1328125 0.3046875
3 0.409375 0.8390625 0.121875 0.3046875
3 0.7484375 0.84375 0.1140625 0.30625
3 0.58046875 0.50859375 0.1375 0.3109375
3 0.91875 0.8453125 0.1171875 0.30625
3 0.08515625 0.5109375 0.0921875 0.3078125
3 0.57578125 0.8421875 0.1546875 0.3078125
3 0.25234375 0.5078125 0.1078125 0.3109375
3 0.7578125 0.18125 0.1328125 0.3046875
3 0.925 0.178125 0.1125 0.303125
3 0.08359375 0.18046875 0.1671875 0.303125
3 0.740625 0.5109375 0.15 0.3109375
3 0.25859375 0.1796875 0.1421875 0.3078125
3 0.92265625 0.51171875 0.1328125 0.3109375