2 0.8546875 0.6109375 0.1671875 0.1140625
2 0.1421875 0.615625 0.203125 0.1140625
2 0.390625 0.6171875 0.1890625 0.1203125
2 0.6234375 0.6171875 0.2046875 0.1203125
2 0.3859375 0.7375 0.2015625 0.1171875
2 0.6265625 0.7390625 0.1953125 0.1140625
2 0.8515625 0.7453125 0.209375 0.11875
2 0.1578125 0.746875 0.203125 0.121875
2 0.1515625 0.3640625 0.1875 0.1203125
2 0.6203125 0.3640625 0.2328125 0.1296875
2 0.3859375 0.3671875 0.20625 0.1265625
2 0.8515625 0.3671875 0.196875 0.1390625
2 0.384375 0.4890625 0.2125 0.121875
2 0.865625 0.4890625 0.1796875 0.1171875
2 0.1375 0.4890625 0.228125 0.13125
2 0.625 0.490625 0.2171875 0.11875
2 0.38515625 0.97734375 0.2015625 0.0453125
2 0.62578125 0.97734375 0.1953125 0.0453125
2 0.8515625 0.97421875 0.209375 0.0515625
2 0.1578125 0.97265625 0.203125 0.0546875