3 0.7921875 0.64375 0.0875 0.115625
3 0.6859375 0.53125 0.075 0.084375
3 0.60625 0.534375 0.059375 0.125
3 0.534375 0.509375 0.0859375 0.140625
3 0.4890625 0.43125 0.075 0.1046875
3 0.4046875 0.4109375 0.0546875 0.115625
3 0.34375 0.5859375 0.190625 0.3640625
3 0.2578125 0.340625 0.096875 0.134375
3 0.3390625 0.378125 0.0484375 0.08125
3 0.103125 0.5 0.20625 0.5625
3 0.6859375 0.6890625 0.16875 0.1828125
3 0.7921875 0.9171875 0.0875 0.115625
3 0.6859375 0.99375 0.075 0.0125
3 0.60625 0.98203125 0.059375 0.0359375
3 0.53359375 0.990625 0.0859375 0.01875
3 0.4890625 0.02890625 0.075 0.0578125
3 0.40390625 0.0421875 0.0546875 0.084375
3 0.34375 0.01640625 0.190625 0.0328125
3 0.34375 0.89609375 0.190625 0.2078125
3 0.2578125 0.096875 0.096875 0.134375
3 0.3390625 0.059375 0.0484375 0.08125
3 0.103125 0.109375 0.20625 0.21875
3 0.103125 0.88984375 0.20625 0.2203125
3 0.6859375 0.871875 0.16875 0.1828125