0 0.415625 0.565625 0.1421875 0.4140625
0 0.6078125 0.5359375 0.159375 0.425
0 0.7703125 0.5390625 0.153125 0.4015625
0 0.9234375 0.503125 0.153125 0.3796875
0 0.2796875 0.546875 0.1328125 0.40625
0 0.146875 0.5328125 0.128125 0.4203125
0 0.41484375 0.0453125 0.1421875 0.090625
0 0.41484375 0.8875 0.1421875 0.225
0 0.6078125 0.06328125 0.159375 0.1265625
0 0.6078125 0.89921875 0.159375 0.2015625
0 0.7703125 0.05546875 0.153125 0.1109375
0 0.7703125 0.903125 0.153125 0.19375
0 0.9234375 0.06796875 0.153125 0.1359375
0 0.9234375 0.9265625 0.153125 0.146875
0 0.27890625 0.053125 0.1328125 0.10625
0 0.27890625 0.8984375 0.1328125 0.203125
0 0.146875 0.06328125 0.128125 0.1265625
0 0.146875 0.90234375 0.128125 0.1953125