3 0.3390625 0.16796875 0.115625 0.3109375
3 0.42734375 0.171875 0.1046875 0.296875
3 0.19765625 0.175 0.1328125 0.290625
3 0.52265625 0.51484375 0.109375 0.2796875
3 0.09296875 0.1671875 0.0875 0.2984375
3 0.79921875 0.17421875 0.1125 0.3015625
3 0.5625 0.83828125 0.071875 0.2734375
3 0.65234375 0.18671875 0.078125 0.2671875
3 0.91171875 0.16796875 0.134375 0.29375
3 0.82578125 0.83359375 0.165625 0.29375
3 0.65234375 0.50390625 0.109375 0.3125
3 0.7265625 0.52109375 0.0875 0.275
3 0.49296875 0.83359375 0.084375 0.30625
3 0.35859375 0.8296875 0.1140625 0.303125
3 0.1328125 0.50859375 0.0625 0.29375
3 0.1 0.83203125 0.103125 0.3109375
3 0.85546875 0.49921875 0.1546875 0.309375
3 0.30078125 0.83671875 0.0890625 0.29375
3 0.28828125 0.50078125 0.1078125 0.3125
3 0.92734375 0.8234375 0.0890625 0.29375
3 0.0875 0.496875 0.065625 0.3171875
3 0.90859375 0.50234375 0.096875 0.3046875
3 0.16796875 0.8375 0.1078125 0.2859375
3 0.5828125 0.1640625 0.0984375 0.3046875
3 0.428125 0.5 0.1140625 0.3140625