3 0.12109375 0.50234375 0.109375 0.2890625
3 0.31015625 0.50078125 0.125 0.2921875
3 0.5109375 0.50078125 0.128125 0.2890625
3 0.1125 0.18984375 0.1140625 0.3
3 0.68984375 0.18828125 0.115625 0.3
3 0.86796875 0.1890625 0.1171875 0.3
3 0.29453125 0.18984375 0.11875 0.2984375
3 0.10625 0.815625 0.1125 0.2890625
3 0.68203125 0.50078125 0.121875 0.2890625
3 0.509375 0.18828125 0.109375 0.2984375
3 0.49921875 0.81796875 0.1109375 0.2859375
3 0.86796875 0.50078125 0.125 0.2890625
3 0.2984375 0.81796875 0.134375 0.2890625
3 0.871875 0.81875 0.115625 0.29375
3 0.6796875 0.8171875 0.1046875 0.2875