3 0.440625 0.5390625 0.221875 0.534375
3 0.6453125 0.48125 0.209375 0.5828125
3 0.859375 0.59375 0.2703125 0.4546875
3 0.803125 0.240625 0.234375 0.2328125
3 0.465625 0.2015625 0.1921875 0.1578125
3 0.2234375 0.3828125 0.175 0.4
3 0.078125 0.39375 0.15625 0.4359375
3 0.440625 0.97265625 0.221875 0.0546875
3 0.6453125 0.028125 0.209375 0.05625
3 0.6453125 0.98828125 0.209375 0.0234375
3 0.85859375 0.96484375 0.2703125 0.0703125
3 0.803125 0.0609375 0.234375 0.121875
3 0.46484375 0.06171875 0.1921875 0.1234375
3 0.2234375 0.03203125 0.175 0.0640625
3 0.078125 0.03515625 0.15625 0.0703125