3 0.5984375 0.63125 0.209375 0.196875
3 0.3265625 0.6375 0.1484375 0.3046875
3 0.4546875 0.640625 0.096875 0.2359375
3 0.65625 0.275 0.1 0.140625
3 0.2578125 0.3203125 0.103125 0.165625
3 0.35 0.378125 0.1125 0.146875
3 0.453125 0.3796875 0.14375 0.215625
3 0.775 0.3984375 0.1421875 0.2140625
3 0.6390625 0.434375 0.1328125 0.178125
3 0.5984375 0.9671875 0.209375 0.065625
3 0.32578125 0.9375 0.1484375 0.125
3 0.4546875 0.95234375 0.096875 0.0953125
3 0.65625 0.06328125 0.1 0.1265625
3 0.2578125 0.046875 0.103125 0.09375
3 0.35 0.01328125 0.1125 0.0265625
3 0.453125 0.0296875 0.14375 0.059375
3 0.77421875 0.01953125 0.1421875 0.0390625