2 0.63203125 0.91484375 0.215625 0.0828125
2 0.11484375 0.4234375 0.203125 0.078125
2 0.65 0.415625 0.2125 0.084375
2 0.103125 0.91875 0.203125 0.078125
2 0.38203125 0.18046875 0.203125 0.0734375
2 0.121875 0.17890625 0.209375 0.0640625
2 0.634375 0.1734375 0.1953125 0.08125
2 0.8828125 0.175 0.221875 0.084375
2 0.365625 0.42109375 0.2140625 0.0796875
2 0.89296875 0.41640625 0.203125 0.084375
2 0.11015625 0.65625 0.2 0.0765625
2 0.37578125 0.65390625 0.209375 0.08125
2 0.62734375 0.66015625 0.228125 0.084375
2 0.88984375 0.6546875 0.215625 0.0734375
2 0.37578125 0.91640625 0.2140625 0.075
2 0.89453125 0.9203125 0.2109375 0.0859375