3 0.91015625 0.49453125 0.1234375 0.3125
3 0.18203125 0.82421875 0.103125 0.315625
3 0.31484375 0.1703125 0.140625 0.29375
3 0.2671875 0.48984375 0.121875 0.3359375
3 0.91953125 0.17265625 0.0953125 0.3046875
3 0.6765625 0.8328125 0.1234375 0.321875
3 0.084375 0.1921875 0.0828125 0.26875
3 0.34453125 0.82734375 0.0921875 0.321875
3 0.1671875 0.20390625 0.0640625 0.2421875
3 0.5203125 0.83046875 0.1078125 0.315625
3 0.0984375 0.50234375 0.1109375 0.3125
3 0.43828125 0.16640625 0.1078125 0.3203125
3 0.7703125 0.17109375 0.103125 0.315625
3 0.825 0.8328125 0.09375 0.3125
3 0.4625 0.45546875 0.078125 0.2359375
3 0.59453125 0.16953125 0.0953125 0.3140625
3 0.90546875 0.82734375 0.1046875 0.3171875