1 0.59687873 0.66186837 0.21657136 0.40918077
1 0.35424967 0.61991051 0.21472671 0.38134333
1 0.17749827 0.65630783 0.21634768 0.27913658
1 0.85066658 0.63169441 0.28405249 0.49380875
1 0.68329000 0.69431131 0.15835955 0.34138783
1 0.52723264 0.95243992 0.16275629 0.09512017
1 0.28180631 0.93994673 0.16367140 0.12010653
1 0.12096097 0.91909497 0.19116497 0.16181007
1 0.93780252 0.08741783 0.12439496 0.04632768
1 0.76183723 0.98516185 0.20712454 0.02967629
1 0.61550371 0.96730088 0.11523850 0.06539823
