1 0.83593750 0.58437501 0.22343755 0.24531248
1 0.39375001 0.46249999 0.20156252 0.32031247
1 0.18281251 0.47031251 0.16562498 0.40000004
1 0.61875001 0.49062499 0.19687504 0.20468754
1 0.83671877 0.00625000 0.22343749 0.01250000
1 0.83671877 0.90859377 0.22343749 0.18281245
1 0.39453125 0.08593750 0.20156252 0.17187500
1 0.39453125 0.94999999 0.20156252 0.10000002
1 0.18281251 0.10234375 0.16562498 0.20468751
1 0.18281251 0.92656249 0.16562498 0.14687502
1 0.61875001 0.04296875 0.19687504 0.08593750
1 0.61875001 0.96484375 0.19687504 0.07031250
