1 0.58437499 0.56562501 0.14218754 0.41406250
1 0.39218748 0.53593750 0.15937495 0.42500004
1 0.22968751 0.53906249 0.15312505 0.40156248
1 0.07656252 0.50312500 0.15312505 0.37968746
1 0.72031248 0.54687500 0.13281250 0.40625000
1 0.85312501 0.53281248 0.12812501 0.42031252
1 0.58515626 0.04531250 0.14218748 0.09062500
1 0.58515626 0.88749999 0.14218748 0.22500002
1 0.39218748 0.06328125 0.15937495 0.12656251
1 0.39218748 0.89921874 0.15937495 0.20156252
1 0.22968751 0.05546875 0.15312505 0.11093750
1 0.22968751 0.90312499 0.15312505 0.19375002
1 0.07656252 0.06796875 0.15312505 0.13593750
1 0.07656252 0.92656249 0.15312505 0.14687502
1 0.72109377 0.05312500 0.13281250 0.10625000
1 0.72109377 0.89843750 0.13281250 0.20312500
1 0.85312501 0.06328125 0.12812501 0.12656251
1 0.85312501 0.90234375 0.12812501 0.19531250
