1 0.16406250 0.58437501 0.22343750 0.24531248
1 0.60624999 0.46249999 0.20156252 0.32031247
1 0.81718749 0.47031251 0.16562498 0.40000004
1 0.38124999 0.49062499 0.19687504 0.20468754
1 0.16328125 0.00625000 0.22343751 0.01250000
1 0.16328125 0.90859377 0.22343751 0.18281245
1 0.60546875 0.08593750 0.20156252 0.17187500
1 0.60546875 0.94999999 0.20156252 0.10000002
1 0.81718749 0.10234375 0.16562498 0.20468751
1 0.81718749 0.92656249 0.16562498 0.14687502
1 0.38124999 0.04296875 0.19687504 0.08593750
1 0.38124999 0.96484375 0.19687504 0.07031250
