2 0.83906251 0.62343752 0.02499998 0.07656252
2 0.62031251 0.42031249 0.03281248 0.08125001
2 0.66718751 0.52499999 0.05156243 0.12187502
2 0.61250001 0.54062499 0.05156243 0.12187502
2 0.63281250 0.39687499 0.02343750 0.08437502
2 0.63906246 0.51718746 0.02968752 0.11249998
2 0.60781249 0.50937498 0.03437501 0.10937500
0 0.94999999 0.82421875 0.10000002 0.24843752
0 0.38593751 0.66250002 0.08124995 0.06562495
0 0.28281248 0.65625000 0.06562495 0.05312502
3 0.63593751 0.70937502 0.23281252 0.20000005
0 0.94999999 0.89999998 0.10000002 0.20000005
3 0.63671875 0.97031248 0.23281252 0.05937505
