1 0.13281250 0.48906250 0.10468750 0.23125002
1 0.59375000 0.51406252 0.10312498 0.22812498
1 0.70625001 0.51093753 0.11874998 0.22343752
1 0.86874998 0.52343750 0.08437502 0.23437500
1 0.35312501 0.50156246 0.07031250 0.22187498
1 0.13203124 0.11015625 0.10468749 0.22031251
1 0.13203124 0.89921874 0.10468749 0.20156252
1 0.59375000 0.09687500 0.10312498 0.19374999
1 0.59375000 0.88749999 0.10312498 0.22500002
1 0.70625001 0.09687500 0.11874998 0.19374999
1 0.70625001 0.88984376 0.11874998 0.22031248
1 0.86874998 0.09375000 0.08437502 0.18750000
1 0.86874998 0.88125002 0.08437502 0.23437500
1 0.35234374 0.10156250 0.07031250 0.20312500
1 0.35234374 0.89531249 0.07031250 0.20937502
