1 0.13536589 0.38743642 0.11073485 0.24781001
1 0.58955392 0.42109116 0.10909303 0.24445892
1 0.70009655 0.41948154 0.12430324 0.23970674
1 0.86034092 0.43527117 0.09086184 0.25082706
1 0.35247089 0.40410868 0.07661080 0.23730361
1 0.12186448 0.05104286 0.11036728 0.10208572
1 0.14838066 0.82411754 0.10973720 0.21620176
1 0.57553447 0.04042093 0.10793787 0.08084186
1 0.60210316 0.81868975 0.10898802 0.24113179
1 0.68618211 0.04133935 0.12330560 0.08267870
1 0.71282956 0.82290273 0.12419822 0.23637951
1 0.84590141 0.03912143 0.08928662 0.07824285
1 0.87236509 0.81623390 0.09086184 0.25082706
1 0.33826062 0.04344367 0.07598071 0.08688735
1 0.36493432 0.82332211 0.07619074 0.22399491
