1 0.40664240 0.49491917 0.14865176 0.45901121
1 0.59972184 0.45194329 0.16604156 0.47187894
1 0.76255811 0.44636064 0.15942998 0.44599658
1 0.91657558 0.39873547 0.15910616 0.42216237
1 0.27066243 0.48200827 0.13913901 0.44998048
1 0.13774544 0.47403183 0.13464865 0.46504323
1 0.40109449 0.84566540 0.14585296 0.25301575
1 0.59434408 0.84776103 0.16273394 0.22842972
1 0.75716878 0.84302962 0.15635367 0.21957184
1 0.91030731 0.86009724 0.15565977 0.16849859
1 0.26467507 0.86510092 0.13613209 0.22866303
1 0.14469604 0.01747005 0.13030018 0.03494011
1 0.13227515 0.87665938 0.13131791 0.21989156
