0 0.94999999 0.82968748 0.10000002 0.24374998
0 0.28281248 0.66093749 0.06406248 0.05781245
2 0.61718750 0.42500001 0.03281248 0.08437502
2 0.66562498 0.53750004 0.05468750 0.12968752
2 0.85156250 0.62500000 0.02812505 0.08437502
2 0.61718750 0.55624996 0.04062498 0.12812498
2 0.63749999 0.52812499 0.02812493 0.11874998
2 0.63124996 0.35156250 0.02187502 0.03593749
2 0.62968749 0.40468749 0.02499998 0.07968748
3 0.63437501 0.67187500 0.22187501 0.24687505
0 0.37656248 0.65625000 0.06875002 0.06562495
0 0.94999999 0.89921874 0.10000002 0.20156252
3 0.63437501 0.97734374 0.22187501 0.04531252
