2 0.29374999 0.40156251 0.19218755 0.35937500
2 0.57656249 0.37499999 0.18437499 0.31406249
2 0.90312502 0.50000001 0.16874999 0.62187502
1 0.68593752 0.70625001 0.25000000 0.20937502
2 0.10468751 0.54218751 0.19687498 0.31406248
2 0.10312498 0.29531249 0.17187500 0.21562499
2 0.29453123 0.07656250 0.19218755 0.15312500
2 0.57656249 0.07812500 0.18437499 0.15625000
2 0.90312502 0.09296875 0.16874999 0.18593749
2 0.90312502 0.90546876 0.16874999 0.18906248
1 0.68593752 0.90546876 0.25000000 0.18906248
2 0.10468751 0.96093750 0.19687498 0.07812500
2 0.10312498 0.09375000 0.17187500 0.18750000
