1 0.47499999 0.61250001 0.14218754 0.38125002
1 0.73593748 0.61093748 0.14687502 0.35312498
1 0.91093749 0.67343748 0.17343748 0.24843752
1 0.21874999 0.54375000 0.19687499 0.45625004
1 0.37812501 0.62968749 0.09375000 0.32187498
1 0.47421876 0.93124998 0.14218754 0.13750005
1 0.73593748 0.93906248 0.14687502 0.12187505
1 0.91015625 0.93281251 0.17343748 0.13437498
1 0.21874999 0.00781250 0.19687499 0.01562500
1 0.21874999 0.94609374 0.19687499 0.10781252
1 0.37812501 0.93671876 0.09375000 0.12656248
