2 0.76985577 0.28480672 0.24079645 0.42239449
2 0.46686782 0.30396938 0.22786863 0.37192134
2 0.13292537 0.49494467 0.24275116 0.70313767
1 0.38460898 0.68181080 0.28684132 0.26950476
2 0.93219905 0.40526399 0.13560190 0.37404170
2 0.92955976 0.13722760 0.14088048 0.26303138
2 0.43651399 0.04117072 0.21173317 0.08234144
2 0.09519908 0.08430570 0.19039815 0.16861140
2 0.17438231 0.90894421 0.19849847 0.18211159
1 0.40497800 0.88707782 0.28476447 0.22584436
2 0.95963731 0.85945837 0.08072538 0.11813369
