2 0.71313021 0.40854796 0.24951940 0.38574027
2 0.42858664 0.40392704 0.23432482 0.33842415
2 0.13019031 0.55898750 0.26038062 0.65432185
1 0.37473034 0.75402780 0.28211401 0.23583796
2 0.90010517 0.53823379 0.19978966 0.33942956
2 0.88449590 0.28374056 0.20574630 0.23599370
2 0.65888647 0.08018128 0.21558665 0.16036255
2 0.37974405 0.09804205 0.20836112 0.17582214
2 0.07877705 0.13960305 0.15755409 0.20515385
2 0.19234547 0.93628759 0.19828034 0.12742483
1 0.40750629 0.92591913 0.27877214 0.14816173
2 0.94425631 0.96076343 0.11148739 0.07847313
2 0.85133435 0.08978416 0.20111910 0.17956832
