2 0.3515625 0.4921875 0.1203125 0.3
2 0.478125 0.51875 0.1390625 0.2859375
2 0.6 0.4453125 0.1609375 0.3859375
2 0.81875 0.5171875 0.3171875 0.515625
2 0.259375 0.4265625 0.0890625 0.1671875
2 0.1609375 0.525 0.1875 0.396875
2 0.0453125 0.5875 0.090625 0.378125
2 0.35078125 0.04765625 0.1203125 0.0953125
2 0.35078125 0.96015625 0.1203125 0.0796875
2 0.47734375 0.03046875 0.1390625 0.0609375
2 0.47734375 0.95 0.1390625 0.1
2 0.59921875 0.0921875 0.1609375 0.184375
2 0.59921875 0.96171875 0.1609375 0.0765625
2 0.81796875 0.0890625 0.3171875 0.178125
2 0.81796875 0.89375 0.3171875 0.2125
2 0.25859375 0.046875 0.0890625 0.09375
2 0.1609375 0.05546875 0.1875 0.1109375
2 0.1609375 0.91953125 0.1875 0.1609375
2 0.0453125 0.01953125 0.090625 0.0390625
2 0.0453125 0.89296875 0.090625 0.2140625
