2 0.11015625 0.1859375 0.146875 0.284375
2 0.61796875 0.18046875 0.15703125 0.28046875
2 0.87578125 0.1859375 0.16484375 0.2796875
2 0.625 0.509375 0.16015625 0.278125
2 0.39453125 0.50859375 0.1484375 0.27578125
2 0.36953125 0.840625 0.16484375 0.275
2 0.1453125 0.50703125 0.16328125 0.2703125
2 0.62890625 0.83984375 0.18203125 0.275
2 0.884375 0.84140625 0.14140625 0.28984375
2 0.87109375 0.5109375 0.16796875 0.27734375
2 0.13984375 0.84375 0.146875 0.27890625
2 0.37890625 0.18515625 0.16171875 0.28828125
