0 0.1640625 0.9 0.28984375 0.0875
0 0.84921875 0.128125 0.24453125 0.08984375
0 0.159375 0.3265625 0.24453125 0.1015625
0 0.83984375 0.525 0.27734375 0.0734375
0 0.1640625 0.1328125 0.25703125 0.08984375
0 0.509375 0.8984375 0.26796875 0.08828125
0 0.8453125 0.3265625 0.25703125 0.09609375
0 0.5046875 0.13046875 0.2609375 0.09609375
0 0.5015625 0.71484375 0.2734375 0.07890625
0 0.17890625 0.52109375 0.26953125 0.0875
0 0.5 0.5203125 0.24140625 0.09296875
0 0.853125 0.71953125 0.23984375 0.09375
0 0.1890625 0.15703125 0.20703125 0.03671875
0 0.74296875 0.153125 0.1015625 0.03203125
0 0.44453125 0.159375 0.06875 0.03203125
0 0.871875 0.91328125 0.203125 0.0375
