0 0.4890625 0.26796875 0.18828125 0.13984375
0 0.19140625 0.903125 0.1765625 0.12578125
0 0.4921875 0.89765625 0.18203125 0.1359375
0 0.175 0.26796875 0.18984375 0.14453125
0 0.17421875 0.10078125 0.18515625 0.10546875
0 0.83046875 0.45234375 0.19140625 0.1421875
0 0.81796875 0.7203125 0.18359375 0.1421875
0 0.81171875 0.26796875 0.14296875 0.1421875
0 0.1953125 0.7203125 0.203125 0.1546875
0 0.81171875 0.89609375 0.146875 0.13671875
0 0.5125 0.7203125 0.16484375 0.13125
0 0.1765625 0.44921875 0.1796875 0.1640625
0 0.52265625 0.44609375 0.16796875 0.15859375
0 0.47578125 0.09453125 0.215625 0.134375
0 0.78828125 0.10234375 0.1890625 0.15
