0 0.1734375 0.44765625 0.30859375 0.05703125
0 0.85 0.4515625 0.2328125 0.0640625
0 0.8546875 0.61328125 0.23515625 0.0671875
0 0.5265625 0.61328125 0.2671875 0.0609375
0 0.16484375 0.60859375 0.225 0.06171875
0 0.84375 0.28046875 0.27109375 0.05625
0 0.1703125 0.76875 0.24375 0.0328125
0 0.84453125 0.93828125 0.23515625 0.05859375
0 0.528125 0.11875 0.2375 0.06796875
0 0.165625 0.27734375 0.2265625 0.075
0 0.5296875 0.45 0.31484375 0.0609375
0 0.528125 0.765625 0.2328125 0.06796875
0 0.1859375 0.11875 0.32578125 0.059375
0 0.16640625 0.93984375 0.28203125 0.065625
