2 0.415625 0.1671875 0.1359375 0.32578125
2 0.5859375 0.16640625 0.1375 0.32421875
2 0.74921875 0.16640625 0.15859375 0.32265625
2 0.9171875 0.49921875 0.14921875 0.31953125
2 0.07890625 0.16796875 0.1546875 0.3234375
2 0.91796875 0.165625 0.15859375 0.32421875
2 0.24765625 0.16640625 0.1578125 0.32421875
2 0.58359375 0.83359375 0.15078125 0.32265625
2 0.24921875 0.5015625 0.15859375 0.32578125
2 0.75078125 0.50078125 0.16171875 0.3234375
2 0.91953125 0.83359375 0.1453125 0.32265625
2 0.08359375 0.83515625 0.1484375 0.3234375
2 0.08203125 0.50078125 0.16171875 0.32734375
2 0.415625 0.83515625 0.1546875 0.32734375
2 0.24921875 0.83359375 0.1640625 0.3265625
2 0.75 0.83359375 0.146875 0.31875
