2 0.3390625 0.16796875 0.11484375 0.31015625
2 0.42734375 0.171875 0.1046875 0.296875
2 0.19765625 0.175 0.13203125 0.28984375
2 0.52265625 0.51484375 0.10859375 0.2796875
2 0.09296875 0.1671875 0.08671875 0.2984375
2 0.79921875 0.17421875 0.11171875 0.3015625
2 0.5625 0.83828125 0.071875 0.2734375
2 0.65234375 0.18671875 0.078125 0.26640625
2 0.91171875 0.16796875 0.13359375 0.29296875
2 0.82578125 0.83359375 0.16484375 0.29296875
2 0.65234375 0.50390625 0.10859375 0.31171875
2 0.7265625 0.52109375 0.08671875 0.275
2 0.49296875 0.83359375 0.08359375 0.30703125
2 0.35859375 0.8296875 0.11328125 0.303125
2 0.1328125 0.50859375 0.06171875 0.29296875
2 0.1 0.83203125 0.103125 0.31015625
2 0.85546875 0.49921875 0.1546875 0.30859375
2 0.30078125 0.83671875 0.08828125 0.29296875
2 0.28828125 0.50078125 0.10703125 0.31171875
2 0.92734375 0.8234375 0.08828125 0.29296875
2 0.0875 0.496875 0.06484375 0.31640625
2 0.90859375 0.50234375 0.096875 0.3046875
2 0.16796875 0.8375 0.10703125 0.28515625
2 0.5828125 0.1640625 0.0984375 0.3046875
2 0.428125 0.5 0.11328125 0.31328125
