2 0.7609375 0.4046875 0.221875 0.334375
2 0.5828125 0.41875 0.1578125 0.365625
2 0.36875 0.43125 0.21875 0.296875
2 0.9359375 0.4328125 0.128125 0.428125
2 0.1328125 0.5171875 0.2640625 0.3375
2 0.7609375 0.1 0.221875 0.2
2 0.7609375 0.9953125 0.221875 0.009375
2 0.58203125 0.10078125 0.1578125 0.2015625
2 0.58203125 0.98046875 0.1578125 0.0390625
2 0.36875 0.07734375 0.21875 0.1546875
2 0.36875 0.99140625 0.21875 0.0171875
2 0.9359375 0.109375 0.128125 0.21875
2 0.9359375 0.9578125 0.128125 0.084375
2 0.13203125 0.04453125 0.2640625 0.0890625
2 0.13203125 0.93828125 0.2640625 0.1234375
