4 0.89296875 0.8265625 0.16015625 0.2453125
4 0.6328125 0.82578125 0.1546875 0.23984375
4 0.3640625 0.82734375 0.146875 0.2359375
4 0.11171875 0.825 0.15859375 0.24296875
4 0.36796875 0.13203125 0.14375 0.24140625
4 0.6359375 0.478125 0.1546875 0.240625
4 0.88984375 0.478125 0.1578125 0.24453125
4 0.1140625 0.140625 0.16484375 0.25234375
4 0.6296875 0.1296875 0.15078125 0.23515625
4 0.89453125 0.12890625 0.1640625 0.24375
4 0.1125 0.4765625 0.16171875 0.23828125
4 0.36484375 0.4828125 0.1578125 0.246875
