1 0.1328125 0.4890625 0.1046875 0.23125
1 0.59375 0.5140625 0.103125 0.228125
1 0.70625 0.5109375 0.11875 0.2234375
1 0.86875 0.5234375 0.084375 0.234375
1 0.353125 0.5015625 0.0703125 0.221875
1 0.13203125 0.11015625 0.1046875 0.2203125
1 0.13203125 0.89921875 0.1046875 0.2015625
1 0.59375 0.096875 0.103125 0.19375
1 0.59375 0.8875 0.103125 0.225
1 0.70625 0.096875 0.11875 0.19375
1 0.70625 0.88984375 0.11875 0.2203125
1 0.86875 0.09375 0.084375 0.1875
1 0.86875 0.88125 0.084375 0.234375
1 0.35234375 0.1015625 0.0703125 0.203125
1 0.35234375 0.8953125 0.0703125 0.209375
