2 0.37734375 0.51796875 0.16953125 0.27578125
2 0.47421875 0.8234375 0.07890625 0.2921875
2 0.0875 0.5140625 0.13203125 0.28359375
2 0.0921875 0.178125 0.11953125 0.29921875
2 0.81484375 0.1921875 0.16328125 0.29453125
2 0.84921875 0.51328125 0.16328125 0.29453125
2 0.49453125 0.17109375 0.146875 0.3015625
2 0.203125 0.5109375 0.115625 0.28984375
2 0.3890625 0.1828125 0.1046875 0.28828125
2 0.6390625 0.18046875 0.10703125 0.296875
2 0.2484375 0.17734375 0.10859375 0.3
2 0.67265625 0.50703125 0.09765625 0.29765625
2 0.0640625 0.8265625 0.0953125 0.26015625
2 0.80546875 0.82421875 0.0953125 0.2546875
2 0.31484375 0.82890625 0.1125 0.27890625
2 0.87734375 0.8171875 0.1015625 0.2828125
2 0.68203125 0.81015625 0.11953125 0.27578125
2 0.61171875 0.82109375 0.1171875 0.296875
2 0.54453125 0.51328125 0.11015625 0.2859375
2 0.16015625 0.82265625 0.103125 0.28359375
