2 0.190625 0.5359375 0.2171875 0.396875
2 0.3359375 0.471875 0.1015625 0.35625
2 0.4671875 0.5765625 0.1890625 0.409375
2 0.46875 0.296875 0.0984375 0.1375
2 0.6328125 0.5203125 0.1796875 0.521875
2 0.8421875 0.509375 0.3140625 0.5453125
2 0.18984375 0.05 0.2171875 0.1
2 0.18984375 0.9140625 0.2171875 0.171875
2 0.33515625 0.071875 0.1015625 0.14375
2 0.33515625 0.95625 0.1015625 0.0875
2 0.46640625 0.0328125 0.1890625 0.065625
2 0.46640625 0.890625 0.1890625 0.21875
2 0.46875 0.140625 0.0984375 0.1375
2 0.63203125 0.0890625 0.1796875 0.178125
2 0.63203125 0.890625 0.1796875 0.21875
2 0.84140625 0.1 0.3140625 0.2
2 0.84140625 0.88984375 0.3140625 0.2203125
