2 0.85625 0.525 0.2875 0.5109375
2 0.64375 0.5625 0.1703125 0.3296875
2 0.6140625 0.3140625 0.1765625 0.1921875
2 0.4984375 0.4578125 0.13125 0.30625
2 0.3703125 0.4859375 0.1625 0.4671875
2 0.271875 0.3546875 0.096875 0.1890625
2 0.065625 0.5390625 0.13125 0.4125
2 0.1734375 0.4203125 0.1328125 0.3265625
2 0.85625 0.08359375 0.2875 0.1671875
2 0.85625 0.890625 0.2875 0.21875
2 0.64296875 0.01953125 0.1703125 0.0390625
2 0.64296875 0.9171875 0.1703125 0.165625
2 0.6140625 0.1234375 0.1765625 0.1921875
2 0.4984375 0.06640625 0.13125 0.1328125
2 0.4984375 0.97578125 0.13125 0.0484375
2 0.3703125 0.0921875 0.1625 0.184375
2 0.3703125 0.92109375 0.1625 0.1578125
2 0.271875 0.08828125 0.096875 0.1765625
2 0.065625 0.05234375 0.13125 0.1046875
2 0.065625 0.90859375 0.13125 0.1828125
2 0.17265625 0.08984375 0.1328125 0.1796875
2 0.17265625 0.9890625 0.1328125 0.021875
