2 0.2875 0.4203125 0.059375 0.1546875
2 0.3609375 0.4453125 0.103125 0.1359375
2 0.56875 0.446875 0.1234375 0.2171875
2 0.684375 0.459375 0.1640625 0.3546875
2 0.8546875 0.55 0.275 0.3609375
2 0.265625 0.6125 0.296875 0.2375
2 0.4078125 0.3875 0.0734375 0.1375
2 0.48125 0.3953125 0.075 0.1265625
2 0.2875 0.1109375 0.059375 0.1546875
2 0.2875 0.98203125 0.059375 0.0359375
2 0.3609375 0.0859375 0.103125 0.1359375
2 0.3609375 0.97421875 0.103125 0.0515625
2 0.56796875 0.09609375 0.1234375 0.1921875
2 0.56796875 0.953125 0.1234375 0.09375
2 0.68359375 0.12421875 0.1640625 0.2484375
2 0.68359375 0.9125 0.1640625 0.175
2 0.8546875 0.08046875 0.275 0.1609375
2 0.8546875 0.865625 0.275 0.26875
2 0.265625 0.01875 0.296875 0.0375
2 0.265625 0.85 0.296875 0.2375
2 0.4078125 0.14375 0.0734375 0.1375
2 0.48125 0.1359375 0.075 0.1265625
