2 0.4140625 0.1796875 0.12109375 0.30625
2 0.40703125 0.50859375 0.12109375 0.31328125
2 0.08046875 0.84609375 0.11796875 0.30390625
2 0.59140625 0.178125 0.1171875 0.30703125
2 0.25546875 0.84453125 0.1328125 0.30390625
2 0.409375 0.8390625 0.12109375 0.30390625
2 0.7484375 0.84375 0.1140625 0.30625
2 0.58046875 0.50859375 0.1375 0.3109375
2 0.91875 0.8453125 0.1171875 0.30546875
2 0.08515625 0.5109375 0.09140625 0.3078125
2 0.57578125 0.8421875 0.1546875 0.30703125
2 0.25234375 0.5078125 0.10703125 0.31015625
2 0.7578125 0.18125 0.1328125 0.30390625
2 0.925 0.178125 0.11171875 0.303125
2 0.08359375 0.18046875 0.1671875 0.303125
2 0.740625 0.5109375 0.14921875 0.3109375
2 0.25859375 0.1796875 0.14296875 0.3078125
2 0.92265625 0.51171875 0.1328125 0.3109375
