0 0.49921875 0.7484375 0.22421875 0.121875
0 0.48828125 0.27265625 0.21328125 0.12109375
0 0.20078125 0.31328125 0.24765625 0.1234375
0 0.78515625 0.31328125 0.23671875 0.13671875
0 0.78359375 0.46875 0.22109375 0.12890625
0 0.4921875 0.43203125 0.2390625 0.11796875
0 0.78359375 0.8 0.24609375 0.11484375
0 0.2078125 0.7984375 0.23671875 0.1140625
0 0.20078125 0.47109375 0.21484375 0.125
0 0.7828125 0.62890625 0.23359375 0.1234375
0 0.49296875 0.59140625 0.22265625 0.125
0 0.20078125 0.6421875 0.228125 0.14140625
