2 0.853125 0.5171875 0.284375 0.5046875
2 0.66875 0.5546875 0.1625 0.371875
2 0.628125 0.3125 0.14375 0.178125
2 0.5109375 0.44375 0.1140625 0.2953125
2 0.40625 0.471875 0.1703125 0.4484375
2 0.0734375 0.5078125 0.1453125 0.4734375
2 0.2015625 0.4296875 0.1078125 0.4078125
2 0.853125 0.0859375 0.284375 0.171875
2 0.853125 0.89609375 0.284375 0.2078125
2 0.66875 0.034375 0.1625 0.06875
2 0.66875 0.9109375 0.1625 0.178125
2 0.628125 0.125 0.14375 0.178125
2 0.51015625 0.0703125 0.1140625 0.140625
2 0.51015625 0.98515625 0.1140625 0.0296875
2 0.40546875 0.09453125 0.1703125 0.1890625
2 0.40546875 0.9328125 0.1703125 0.134375
2 0.07265625 0.0828125 0.1453125 0.165625
2 0.07265625 0.90859375 0.1453125 0.1828125
2 0.20078125 0.10546875 0.1078125 0.2109375
2 0.20078125 0.9640625 0.1078125 0.071875
