2 0.1140625 0.4796875 0.1578125 0.43125
2 0.375 0.415625 0.090625 0.315625
2 0.475 0.434375 0.1234375 0.378125
2 0.590625 0.446875 0.1234375 0.303125
2 0.678125 0.3046875 0.1046875 0.1640625
2 0.6890625 0.540625 0.1125 0.3078125
2 0.8625 0.5140625 0.275 0.509375
2 0.2515625 0.3953125 0.1453125 0.3359375
2 0.11328125 0.08671875 0.1578125 0.1734375
2 0.11328125 0.93359375 0.1578125 0.1328125
2 0.375 0.08984375 0.090625 0.1796875
2 0.375 0.99453125 0.090625 0.0109375
2 0.47421875 0.09609375 0.1234375 0.1921875
2 0.47421875 0.96953125 0.1234375 0.0609375
2 0.58984375 0.07109375 0.1234375 0.1421875
2 0.58984375 0.98203125 0.1234375 0.0359375
2 0.678125 0.1328125 0.1046875 0.1640625
2 0.6890625 0.025 0.1125 0.05
2 0.6890625 0.93359375 0.1125 0.1328125
2 0.8625 0.0890625 0.275 0.178125
2 0.8625 0.896875 0.275 0.20625
2 0.25078125 0.1046875 0.1453125 0.209375
2 0.25078125 0.99921875 0.1453125 0.0015625
