0 0.528125 0.5125 0.096875 0.265625
0 0.6765625 0.4984375 0.14375 0.2921875
0 0.39375 0.55625 0.096875 0.178125
0 0.528125 0.19375 0.096875 0.265625
0 0.528125 0.7765625 0.096875 0.265625
0 0.528125 0.03125 0.096875 0.0625
0 0.528125 0.98125 0.096875 0.0375
0 0.6765625 0.2078125 0.14375 0.2921875
0 0.6765625 0.790625 0.14375 0.2921875
0 0.6765625 0.03046875 0.14375 0.0609375
0 0.6765625 0.96796875 0.14375 0.0640625
0 0.39375 0.15 0.096875 0.178125
0 0.39375 0.7328125 0.096875 0.178125
0 0.39375 0.03125 0.096875 0.0625
