2 0.396875 0.49375 0.0421875 0.1546875
2 0.5515625 0.4953125 0.04375 0.1421875
2 0.30625 0.4953125 0.0328125 0.16875
2 0.515625 0.4953125 0.0359375 0.140625
2 0.146875 0.496875 0.05625 0.1859375
2 0.6890625 0.4984375 0.053125 0.1625
2 0.4578125 0.5015625 0.0328125 0.159375
2 0.6234375 0.5015625 0.0484375 0.175
2 0.34375 0.503125 0.0296875 0.165625
2 0.2421875 0.5078125 0.0421875 0.1546875
2 0.0265625 0.5421875 0.053125 0.215625
2 0.39609375 0.01015625 0.0421875 0.0203125
2 0.39609375 0.9953125 0.0421875 0.009375
2 0.5515625 0.00625 0.04375 0.0125
2 0.5515625 0.99765625 0.04375 0.0046875
2 0.30546875 0.01328125 0.0328125 0.0265625
2 0.30546875 0.99140625 0.0328125 0.0171875
2 0.51484375 0.00625 0.0359375 0.0125
2 0.51484375 0.9984375 0.0359375 0.003125
2 0.146875 0.01640625 0.05625 0.0328125
2 0.146875 0.9859375 0.05625 0.028125
2 0.6890625 0.01015625 0.053125 0.0203125
2 0.6890625 0.99140625 0.053125 0.0171875
2 0.45703125 0.0078125 0.0328125 0.015625
2 0.45703125 0.990625 0.0328125 0.01875
2 0.62265625 0.01171875 0.0484375 0.0234375
2 0.62265625 0.98671875 0.0484375 0.0265625
2 0.34296875 0.00859375 0.0296875 0.0171875
2 0.34296875 0.98828125 0.0296875 0.0234375
2 0.24140625 0.003125 0.0421875 0.00625
2 0.24140625 0.98828125 0.0421875 0.0234375
2 0.0265625 0.0015625 0.053125 0.003125
2 0.0265625 0.95625 0.053125 0.0875
