2 0.103125 0.459375 0.1734375 0.334375
2 0.6203125 0.471875 0.121875 0.365625
2 0.9171875 0.475 0.128125 0.3796875
2 0.371875 0.4796875 0.115625 0.3859375
2 0.7640625 0.503125 0.128125 0.4078125
2 0.1 0.3328125 0.103125 0.0890625
2 0.6125 0.334375 0.0609375 0.0828125
2 0.909375 0.3375 0.0890625 0.0765625
2 0.2328125 0.340625 0.071875 0.0875
2 0.915625 0.36875 0.13125 0.178125
2 0.5078125 0.3828125 0.0953125 0.1796875
2 0.7578125 0.384375 0.1421875 0.1859375
2 0.615625 0.396875 0.1140625 0.2015625
2 0.2375 0.3984375 0.1 0.2046875
2 0.3734375 0.40625 0.140625 0.246875
2 0.10234375 0.12890625 0.1734375 0.2578125
2 0.10234375 0.909375 0.1734375 0.18125
2 0.6203125 0.13046875 0.121875 0.2609375
2 0.6203125 0.8953125 0.121875 0.209375
2 0.9171875 0.13203125 0.128125 0.2640625
2 0.9171875 0.890625 0.128125 0.21875
2 0.371875 0.13125 0.115625 0.2625
2 0.371875 0.8859375 0.115625 0.228125
2 0.7640625 0.125 0.128125 0.25
2 0.7640625 0.86875 0.128125 0.2625
2 0.1 0.2171875 0.103125 0.0890625
2 0.6125 0.215625 0.0609375 0.0828125
2 0.909375 0.2125 0.0890625 0.0765625
2 0.2328125 0.209375 0.071875 0.0875
2 0.915625 0.18125 0.13125 0.178125
2 0.915625 0.99453125 0.13125 0.0109375
2 0.5078125 0.1671875 0.0953125 0.1796875
2 0.50703125 0.9859375 0.0953125 0.028125
2 0.7578125 0.165625 0.1421875 0.1859375
2 0.75703125 0.98359375 0.1421875 0.0328125
2 0.615625 0.153125 0.1140625 0.2015625
2 0.61484375 0.97421875 0.1140625 0.0515625
2 0.2375 0.1515625 0.1 0.2046875
2 0.2375 0.971875 0.1 0.05625
2 0.3734375 0.14375 0.140625 0.246875
2 0.3734375 0.9578125 0.140625 0.084375
