0 0.8328125 0.30546875 0.296875 0.15390625
0 0.1640625 0.50234375 0.27109375 0.19375
0 0.16640625 0.88671875 0.23515625 0.184375
0 0.49921875 0.10859375 0.2828125 0.17734375
0 0.1640625 0.10546875 0.27109375 0.1765625
0 0.49140625 0.68984375 0.209375 0.21015625
0 0.4984375 0.29609375 0.2765625 0.13671875
0 0.83203125 0.10859375 0.28984375 0.1671875
0 0.49765625 0.89921875 0.29765625 0.13125
0 0.83828125 0.50390625 0.25546875 0.17734375
0 0.8265625 0.69375 0.30625 0.14296875
0 0.1671875 0.30390625 0.28828125 0.1484375
0 0.50390625 0.47421875 0.2921875 0.11484375
0 0.16171875 0.69375 0.23984375 0.1359375
0 0.83828125 0.89296875 0.28828125 0.1796875
