0 0.8375 0.37421875 0.26796875 0.1890625
0 0.83828125 0.13046875 0.26640625 0.21875
0 0.528125 0.128125 0.26640625 0.21171875
0 0.51484375 0.3703125 0.265625 0.23828125
0 0.19296875 0.13046875 0.28828125 0.2078125
0 0.20546875 0.36875 0.31875 0.1984375
0 0.50390625 0.7765625 0.265625 0.1921875
0 0.83203125 0.7875 0.28984375 0.19140625
0 0.1828125 0.78984375 0.28125 0.20078125
0 0.18671875 0.58046875 0.2078125 0.20234375
0 0.8421875 0.58515625 0.24765625 0.18671875
0 0.51484375 0.5796875 0.325 0.20390625
