2 0.2015625 0.546875 0.2828125 0.6546875
2 0.54375 0.7078125 0.14375 0.334375
2 0.865625 0.7140625 0.1640625 0.321875
2 0.8578125 0.4890625 0.0453125 0.178125
2 0.9859375 0.5109375 0.028125 0.165625
2 0.740625 0.53125 0.0828125 0.3109375
2 0.6515625 0.50625 0.06875 0.2671875
2 0.5734375 0.4890625 0.0453125 0.2703125
2 0.515625 0.4734375 0.0625 0.275
2 0.453125 0.4625 0.06875 0.290625
2 0.20078125 0.01484375 0.2828125 0.0296875
2 0.20078125 0.9375 0.2828125 0.125
2 0.54375 0.9375 0.14375 0.125
2 0.86484375 0.9375 0.1640625 0.125
