4 0.61875 0.15234375 0.19921875 0.26640625
4 0.12421875 0.48515625 0.19921875 0.2703125
4 0.12421875 0.81953125 0.19921875 0.26875
4 0.8625 0.15234375 0.19921875 0.26640625
4 0.3703125 0.48515625 0.19921875 0.2703125
4 0.86484375 0.81953125 0.19921875 0.26875
4 0.37109375 0.81953125 0.19765625 0.26875
4 0.3703125 0.15390625 0.19921875 0.26875
4 0.86484375 0.48515625 0.19921875 0.2703125
4 0.61875 0.484375 0.1953125 0.265625
4 0.6171875 0.8203125 0.19765625 0.26796875
4 0.125 0.15390625 0.19765625 0.26875
