2 0.396875 0.5640625 0.1625 0.4328125
2 0.5828125 0.5296875 0.1703125 0.5
2 0.8265625 0.5 0.334375 0.5609375
2 0.153125 0.525 0.153125 0.41875
2 0.275 0.446875 0.0890625 0.2984375
2 0.459375 0.3078125 0.1109375 0.1796875
2 0.396875 0.04453125 0.1625 0.0890625
2 0.396875 0.88984375 0.1625 0.2203125
2 0.58203125 0.07890625 0.1703125 0.1578125
2 0.58203125 0.890625 0.1703125 0.21875
2 0.8265625 0.10859375 0.334375 0.2171875
2 0.8265625 0.88984375 0.334375 0.2203125
2 0.153125 0.0609375 0.153125 0.121875
2 0.153125 0.91328125 0.153125 0.1734375
2 0.27421875 0.06953125 0.0890625 0.1390625
2 0.27421875 0.98203125 0.0890625 0.0359375
2 0.459375 0.1296875 0.1109375 0.1796875
