2 0.109375 0.4890625 0.209375 0.6015625
2 0.2671875 0.4984375 0.1734375 0.6234375
2 0.4515625 0.5046875 0.24375 0.6109375
2 0.621875 0.5 0.19375 0.6234375
2 0.7828125 0.4984375 0.2 0.6234375
2 0.109375 0.09296875 0.209375 0.1859375
2 0.109375 0.915625 0.209375 0.16875
2 0.26640625 0.09375 0.1734375 0.1875
2 0.26640625 0.9046875 0.1734375 0.190625
2 0.4515625 0.0875 0.24375 0.175
2 0.4515625 0.9046875 0.24375 0.190625
2 0.621875 0.09296875 0.19375 0.1859375
2 0.621875 0.9046875 0.19375 0.190625
2 0.7828125 0.09375 0.2 0.1875
2 0.7828125 0.9046875 0.2 0.190625
