2 0.07734375 0.1796875 0.1171875 0.3
2 0.24453125 0.18046875 0.1390625 0.2984375
2 0.5890625 0.18046875 0.1390625 0.30078125
2 0.41328125 0.17890625 0.11015625 0.2984375
2 0.740625 0.17890625 0.1234375 0.303125
2 0.91875 0.5171875 0.11328125 0.30078125
2 0.746875 0.51796875 0.10078125 0.2984375
2 0.084375 0.8515625 0.1140625 0.2953125
2 0.75078125 0.8515625 0.10859375 0.2953125
2 0.9234375 0.85 0.13203125 0.2984375
2 0.409375 0.515625 0.15546875 0.30078125
2 0.58671875 0.85234375 0.14140625 0.2921875
2 0.91875 0.1859375 0.1265625 0.31015625
2 0.25 0.5171875 0.10625 0.30078125
2 0.2453125 0.85390625 0.115625 0.290625
2 0.0703125 0.515625 0.13984375 0.2984375
2 0.57578125 0.5171875 0.13359375 0.29765625
2 0.4078125 0.85234375 0.10859375 0.29375
