0 0.3296875 0.5796875 0.3921875 0.2015625
0 0.2546875 0.6 0.1421875 0.2109375
0 0.53359375 0.76484375 0.9328125 0.0953125
0 0.6015625 0.6296875 0.146875 0.1015625
0 0.040625 0.60625 0.0796875 0.1421875
0 0.8421875 0.5421875 0.303125 0.3703125
0 0.32890625 0.9734375 0.3921875 0.053125
0 0.25390625 0.9609375 0.1421875 0.078125
0 0.53359375 0.86171875 0.9328125 0.0953125
0 0.6015625 0.9734375 0.146875 0.053125
0 0.03984375 0.975 0.0796875 0.05
0 0.8421875 0.00703125 0.303125 0.0140625
0 0.8421875 0.95 0.303125 0.1
