2 0.81171875 0.5109375 0.2265625 0.3046875
2 0.80234375 0.17109375 0.221875 0.3046875
2 0.80703125 0.83203125 0.28984375 0.3
2 0.11171875 0.4796875 0.13984375 0.36328125
2 0.5484375 0.1703125 0.2203125 0.28671875
2 0.340625 0.85 0.14140625 0.26015625
2 0.55859375 0.83203125 0.15703125 0.30703125
2 0.1265625 0.14765625 0.14296875 0.2453125
2 0.15703125 0.85390625 0.2 0.2546875
2 0.21484375 0.52890625 0.11328125 0.2546875
2 0.28828125 0.5296875 0.13671875 0.25703125
2 0.603125 0.51484375 0.13671875 0.296875
