2 0.190625 0.503125 0.203125 0.325
2 0.85 0.5234375 0.3 0.415625
2 0.4890625 0.5359375 0.1078125 0.2671875
2 0.63125 0.5390625 0.19375 0.290625
2 0.38125 0.559375 0.2171875 0.3421875
2 0.5515625 0.33125 0.0859375 0.096875
2 0.31875 0.3578125 0.1 0.1
2 0.190625 0.0953125 0.203125 0.190625
2 0.190625 0.8984375 0.203125 0.203125
2 0.85 0.1078125 0.3 0.215625
2 0.85 0.865625 0.3 0.26875
2 0.48828125 0.0640625 0.1078125 0.128125
2 0.48828125 0.89609375 0.1078125 0.2078125
2 0.63125 0.06875 0.19375 0.1375
2 0.63125 0.8890625 0.19375 0.221875
2 0.38046875 0.07109375 0.2171875 0.1421875
2 0.38046875 0.865625 0.2171875 0.26875
2 0.5515625 0.2 0.0859375 0.096875
2 0.31875 0.1734375 0.1 0.1
