2 0.08046875 0.16796875 0.13046875 0.31328125
2 0.9140625 0.16875 0.12734375 0.3140625
2 0.4203125 0.16953125 0.15859375 0.3125
2 0.07734375 0.5015625 0.14921875 0.3140625
2 0.74453125 0.16953125 0.12265625 0.31484375
2 0.5828125 0.16875 0.13046875 0.3125
2 0.24765625 0.50234375 0.134375 0.31328125
2 0.25859375 0.16953125 0.1125 0.31328125
2 0.5859375 0.50078125 0.13046875 0.31328125
2 0.91171875 0.4984375 0.1328125 0.31328125
2 0.74375 0.49765625 0.134375 0.31328125
2 0.75 0.83359375 0.1546875 0.31875
2 0.4234375 0.83359375 0.15078125 0.32109375
2 0.25234375 0.8328125 0.1359375 0.31796875
2 0.4140625 0.49921875 0.16015625 0.3125
2 0.0875 0.83515625 0.15390625 0.31953125
2 0.58515625 0.83359375 0.1453125 0.3203125
2 0.92890625 0.83515625 0.12890625 0.31875
