0 0.84453125 0.871875 0.13984375 0.0859375
0 0.66640625 0.21796875 0.1046875 0.0953125
0 0.3296875 0.21328125 0.11015625 0.103125
0 0.84453125 0.21796875 0.12890625 0.09296875
0 0.5 0.38125 0.12734375 0.084375
0 0.15390625 0.21953125 0.10625 0.0953125
0 0.32734375 0.55234375 0.10859375 0.08828125
0 0.15234375 0.7125 0.12734375 0.078125
0 0.8421875 0.71015625 0.10859375 0.0828125
0 0.5 0.87578125 0.13046875 0.0921875
0 0.15390625 0.3859375 0.1234375 0.090625
0 0.3296875 0.38359375 0.115625 0.0828125
0 0.50078125 0.71015625 0.12109375 0.08359375
0 0.66796875 0.7125 0.1125 0.07890625
0 0.6671875 0.384375 0.11953125 0.08203125
0 0.153125 0.8765625 0.13203125 0.0828125
0 0.32890625 0.8765625 0.125 0.08203125
0 0.8421875 0.54296875 0.0953125 0.0875
0 0.66640625 0.8671875 0.11015625 0.08828125
0 0.66640625 0.5515625 0.12890625 0.0796875
0 0.153125 0.55390625 0.09375 0.0953125
0 0.50078125 0.221875 0.09921875 0.08671875
0 0.8421875 0.38125 0.10859375 0.09296875
0 0.3296875 0.71015625 0.1125 0.0734375
0 0.5015625 0.5546875 0.12734375 0.078125
