0 0.196875 0.90703125 0.16328125 0.13671875
2 0.928125 0.49609375 0.1078125 0.315625
2 0.36640625 0.49921875 0.09765625 0.3171875
2 0.34453125 0.1578125 0.12578125 0.29453125
2 0.765625 0.50078125 0.103125 0.31015625
2 0.16328125 0.5 0.159375 0.3046875
2 0.78046875 0.8046875 0.1171875 0.2375
2 0.8796875 0.88984375 0.11015625 0.184375
2 0.59609375 0.78984375 0.08828125 0.2359375
2 0.8234375 0.16875 0.0796875 0.31171875
2 0.671875 0.9265625 0.16640625 0.09765625
2 0.61640625 0.5140625 0.1046875 0.2765625
2 0.10625 0.853125 0.12734375 0.2234375
2 0.896875 0.15703125 0.103125 0.3
2 0.51875 0.90625 0.1296875 0.13828125
2 0.59609375 0.16640625 0.08515625 0.31953125
2 0.53203125 0.4765625 0.09609375 0.3578125
2 0.10625 0.16484375 0.159375 0.32265625
