2 0.2234375 0.3390625 0.15 0.221875
2 0.5328125 0.3671875 0.1515625 0.271875
2 0.371875 0.3734375 0.1421875 0.2234375
2 0.69375 0.3828125 0.1484375 0.196875
2 0.365625 0.43125 0.1546875 0.40625
2 0.5359375 0.4453125 0.1421875 0.415625
2 0.75 0.5046875 0.253125 0.4015625
2 0.2234375 0.053125 0.15 0.10625
2 0.53203125 0.0515625 0.1515625 0.103125
2 0.37109375 0.0359375 0.1421875 0.071875
2 0.69296875 0.025 0.1484375 0.05
2 0.36484375 0.053125 0.1546875 0.10625
2 0.53515625 0.0484375 0.1421875 0.096875
2 0.75 0.01484375 0.253125 0.0296875
2 0.75 0.9796875 0.253125 0.040625
