2 0.33125 0.1734375 0.13125 0.32265625
2 0.57734375 0.50234375 0.11171875 0.32109375
2 0.88046875 0.5015625 0.11875 0.32265625
2 0.440625 0.5046875 0.1328125 0.32421875
2 0.25078125 0.5046875 0.17578125 0.32109375
2 0.85546875 0.17578125 0.11171875 0.32265625
2 0.47421875 0.828125 0.09765625 0.32265625
2 0.09765625 0.50390625 0.13125 0.3265625
2 0.490625 0.178125 0.115625 0.32109375
2 0.82265625 0.82734375 0.15234375 0.32421875
2 0.6734375 0.175 0.20234375 0.32421875
2 0.296875 0.83359375 0.13984375 0.32265625
2 0.65234375 0.83515625 0.11328125 0.31953125
2 0.1265625 0.17265625 0.21796875 0.32109375
2 0.09765625 0.83515625 0.12421875 0.31953125
2 0.7328125 0.50390625 0.11171875 0.31953125
