2 0.3515625 0.546875 0.1015625 0.296875
2 0.1046875 0.4921875 0.209375 0.5484375
2 0.7859375 0.6703125 0.10625 0.1046875
2 0.6390625 0.5390625 0.0671875 0.1390625
2 0.553125 0.50625 0.096875 0.1171875
2 0.421875 0.4015625 0.053125 0.090625
2 0.5203125 0.434375 0.05625 0.08125
2 0.2953125 0.365625 0.059375 0.096875
2 0.3625 0.3671875 0.0453125 0.0578125
2 0.7328125 0.6109375 0.0453125 0.0921875
2 0.69375 0.603125 0.0484375 0.0796875
2 0.35078125 0.01953125 0.1015625 0.0390625
2 0.35078125 0.9328125 0.1015625 0.134375
2 0.1046875 0.109375 0.209375 0.21875
2 0.1046875 0.896875 0.209375 0.20625
2 0.7859375 0.890625 0.10625 0.1046875
2 0.63828125 0.97578125 0.0671875 0.0484375
2 0.553125 0.99765625 0.096875 0.0046875
2 0.421875 0.040625 0.053125 0.08125
2 0.5203125 0.021875 0.05625 0.04375
2 0.2953125 0.071875 0.059375 0.096875
2 0.3625 0.0703125 0.0453125 0.0578125
2 0.7328125 0.95 0.0453125 0.0921875
2 0.69375 0.9578125 0.0484375 0.0796875
