2 0.840625 0.5015625 0.2328125 0.49375
2 0.6546875 0.53125 0.1703125 0.334375
2 0.53125 0.4328125 0.1296875 0.328125
2 0.409375 0.4421875 0.1421875 0.4203125
2 0.3078125 0.3390625 0.1015625 0.2296875
2 0.2 0.396875 0.1265625 0.35625
2 0.071875 0.48125 0.14375 0.475
2 0.6421875 0.3015625 0.1484375 0.1671875
2 0.83984375 0.09140625 0.2328125 0.1828125
2 0.83984375 0.90703125 0.2328125 0.1859375
2 0.65390625 0.03671875 0.1703125 0.0734375
2 0.65390625 0.93203125 0.1703125 0.1359375
2 0.53046875 0.084375 0.1296875 0.16875
2 0.53046875 0.9828125 0.1296875 0.034375
2 0.40859375 0.10234375 0.1421875 0.2046875
2 0.40859375 0.9546875 0.1421875 0.090625
2 0.30703125 0.10625 0.1015625 0.2125
2 0.19921875 0.109375 0.1265625 0.21875
2 0.19921875 0.99375 0.1265625 0.0125
2 0.071875 0.096875 0.14375 0.19375
2 0.071875 0.921875 0.14375 0.15625
2 0.6421875 0.1359375 0.1484375 0.1671875
