0 0.1234375 0.6828125 0.234375 0.415625
0 0.365625 0.6640625 0.23125 0.3875
0 0.6296875 0.659375 0.271875 0.36875
0 0.89375 0.671875 0.2109375 0.4015625
0 0.1171875 0.303125 0.225 0.3890625
0 0.3734375 0.2984375 0.2671875 0.3796875
0 0.6515625 0.2859375 0.2078125 0.35625
0 0.88515625 0.28515625 0.2296875 0.3484375
0 0.1234375 0.9453125 0.234375 0.109375
0 0.365625 0.9625 0.23125 0.075
0 0.6296875 0.96953125 0.271875 0.0609375
0 0.89296875 0.9546875 0.2109375 0.090625
0 0.1171875 0.053125 0.225 0.10625
0 0.37265625 0.053125 0.2671875 0.10625
0 0.65078125 0.05390625 0.2078125 0.1078125
0 0.88515625 0.0515625 0.2296875 0.103125
