4 0.678125 0.16171875 0.15625 0.209375
4 0.509375 0.85078125 0.1390625 0.2015625
4 0.67890625 0.846875 0.1546875 0.2078125
4 0.146875 0.846875 0.15859375 0.2109375
4 0.678125 0.390625 0.15234375 0.2078125
4 0.3234375 0.39140625 0.15859375 0.209375
4 0.5 0.621875 0.13671875 0.2015625
4 0.678125 0.621875 0.134375 0.1984375
4 0.1453125 0.6203125 0.14296875 0.20390625
4 0.49765625 0.3921875 0.140625 0.20234375
4 0.85546875 0.3921875 0.13671875 0.2
4 0.32421875 0.62109375 0.134375 0.2
4 0.14765625 0.16171875 0.15625 0.21171875
4 0.3234375 0.16484375 0.140625 0.20390625
4 0.85546875 0.621875 0.13671875 0.2015625
4 0.496875 0.1640625 0.14765625 0.2078125
4 0.14453125 0.39296875 0.1453125 0.20390625
4 0.32578125 0.84765625 0.140625 0.20703125
4 0.86015625 0.84765625 0.140625 0.20703125
4 0.85546875 0.16328125 0.13671875 0.2015625
