2 0.13515625 0.1671875 0.23359375 0.32265625
2 0.3578125 0.16640625 0.19140625 0.32109375
2 0.62109375 0.1671875 0.1984375 0.32109375
2 0.89765625 0.16640625 0.2015625 0.3203125
2 0.13828125 0.50078125 0.21328125 0.321875
2 0.87734375 0.49921875 0.228125 0.3234375
2 0.36953125 0.50078125 0.2015625 0.32109375
2 0.63203125 0.5 0.23671875 0.321875
2 0.37734375 0.83203125 0.2015625 0.32109375
2 0.62890625 0.83359375 0.225 0.3203125
2 0.1296875 0.8328125 0.18671875 0.321875
2 0.86015625 0.8328125 0.19296875 0.32265625
