0 0.24140625 0.16484375 0.33046875 0.10234375
0 0.7203125 0.16640625 0.38125 0.09609375
0 0.75 0.8984375 0.3640625 0.11796875
0 0.71640625 0.59296875 0.31328125 0.12734375
0 0.25859375 0.30546875 0.3640625 0.0984375
0 0.7203125 0.296875 0.3640625 0.10234375
0 0.7265625 0.73984375 0.34296875 0.10078125
0 0.2625 0.596875 0.3640625 0.1046875
0 0.7328125 0.4375 0.3640625 0.125
0 0.26484375 0.88984375 0.34296875 0.12734375
0 0.2734375 0.45 0.39375 0.09140625
0 0.27734375 0.7421875 0.39375 0.10078125
