0 0.2484375 0.2484375 0.13359375 0.146875
0 0.22421875 0.559375 0.13828125 0.16171875
0 0.71328125 0.2234375 0.21640625 0.1703125
0 0.09921875 0.54296875 0.128125 0.19296875
0 0.36328125 0.23359375 0.1203125 0.15703125
0 0.3453125 0.54609375 0.1265625 0.18828125
2 0.1453125 0.4984375 0.1703125 0.28359375
2 0.88203125 0.825 0.1234375 0.3234375
2 0.65234375 0.48984375 0.15859375 0.33671875
2 0.85546875 0.49296875 0.1515625 0.36640625
2 0.28984375 0.159375 0.10703125 0.2953125
2 0.48671875 0.81796875 0.1265625 0.353125
2 0.08515625 0.8234375 0.11640625 0.34296875
2 0.6875 0.81328125 0.15859375 0.35703125
2 0.29921875 0.5109375 0.18515625 0.26171875
2 0.290625 0.82890625 0.175 0.3015625
2 0.1765625 0.1953125 0.13359375 0.23359375
2 0.5125 0.46953125 0.09140625 0.3484375
2 0.79296875 0.16953125 0.21640625 0.2484375
2 0.66484375 0.1671875 0.16015625 0.2484375
