2 0.12109375 0.50234375 0.10859375 0.28828125
2 0.31015625 0.50078125 0.125 0.29140625
2 0.5109375 0.50078125 0.12734375 0.28828125
2 0.1125 0.18984375 0.1140625 0.29921875
2 0.68984375 0.18828125 0.115625 0.29921875
2 0.86796875 0.1890625 0.1171875 0.3
2 0.29453125 0.18984375 0.11953125 0.29765625
2 0.10625 0.815625 0.11171875 0.28828125
2 0.68203125 0.50078125 0.12265625 0.2890625
2 0.509375 0.18828125 0.10859375 0.29765625
2 0.49921875 0.81796875 0.11015625 0.2859375
2 0.86796875 0.50078125 0.125 0.28828125
2 0.2984375 0.81796875 0.134375 0.28828125
2 0.871875 0.81875 0.115625 0.29375
2 0.6796875 0.8171875 0.1046875 0.28671875
