2 0.56875 0.54375 0.1359375 0.2953125
2 0.6921875 0.5734375 0.1109375 0.278125
2 0.8640625 0.5609375 0.1578125 0.384375
2 0.346875 0.5328125 0.121875 0.2765625
2 0.4546875 0.51875 0.1328125 0.2828125
2 0.2390625 0.5359375 0.1140625 0.2578125
2 0.0734375 0.446875 0.1296875 0.225
2 0.56796875 0.0203125 0.1359375 0.040625
2 0.56796875 0.93515625 0.1359375 0.1296875
2 0.69140625 0.0015625 0.1109375 0.003125
2 0.69140625 0.925 0.1109375 0.15
2 0.86328125 0.034375 0.1578125 0.06875
2 0.86328125 0.9046875 0.1578125 0.190625
2 0.346875 0.02109375 0.121875 0.0421875
2 0.346875 0.9453125 0.121875 0.109375
2 0.45390625 0.0296875 0.1328125 0.059375
2 0.45390625 0.95078125 0.1328125 0.0984375
2 0.23828125 0.01484375 0.1140625 0.0296875
2 0.23828125 0.9484375 0.1140625 0.103125
2 0.07265625 0.0515625 0.1296875 0.103125
