2 0.575 0.39375 0.04375 0.0671875
2 0.3765625 0.409375 0.0359375 0.075
2 0.3578125 0.4921875 0.0703125 0.1578125
2 0.4203125 0.49375 0.0484375 0.1703125
2 0.7921875 0.50625 0.0515625 0.15
2 0.6234375 0.50625 0.040625 0.1640625
2 0.846875 0.5078125 0.0390625 0.153125
2 0.2953125 0.5109375 0.059375 0.1375
2 0.240625 0.5125 0.0671875 0.1546875
2 0.4703125 0.5140625 0.0515625 0.1921875
2 0.5671875 0.5140625 0.0515625 0.178125
2 0.0328125 0.5140625 0.0609375 0.121875
2 0.165625 0.51875 0.0609375 0.128125
2 0.09375 0.54375 0.075 0.1453125
2 0.575 0.1875 0.04375 0.0671875
2 0.575 0.99375 0.04375 0.0125
2 0.3765625 0.171875 0.0359375 0.075
2 0.37578125 0.984375 0.0359375 0.03125
2 0.3578125 0.0890625 0.0703125 0.1578125
2 0.35703125 0.92265625 0.0703125 0.1546875
2 0.4203125 0.0875 0.0484375 0.1703125
2 0.41953125 0.91796875 0.0484375 0.1640625
2 0.7921875 0.075 0.0515625 0.15
2 0.7921875 0.9109375 0.0515625 0.15
2 0.6234375 0.078125 0.040625 0.15625
2 0.6234375 0.909375 0.040625 0.1640625
2 0.84609375 0.075 0.0390625 0.15
2 0.846875 0.909375 0.0390625 0.153125
2 0.2953125 0.0703125 0.059375 0.1375
2 0.2953125 0.9046875 0.059375 0.1375
2 0.23984375 0.07265625 0.0671875 0.1453125
2 0.240625 0.903125 0.0671875 0.1546875
2 0.46953125 0.08125 0.0515625 0.1625
2 0.4703125 0.903125 0.0515625 0.1921875
2 0.56640625 0.078125 0.0515625 0.15625
2 0.5671875 0.9015625 0.0515625 0.178125
2 0.0328125 0.0671875 0.0609375 0.121875
2 0.0328125 0.9015625 0.0609375 0.121875
2 0.16484375 0.06328125 0.0609375 0.1265625
2 0.165625 0.896875 0.0609375 0.128125
2 0.09375 0.0546875 0.075 0.109375
2 0.09375 0.871875 0.075 0.1453125
