0 0.1265625 0.3078125 0.240625 0.3859375
0 0.3796875 0.296875 0.24375 0.3765625
0 0.6390625 0.290625 0.2375 0.34375
0 0.11875 0.6828125 0.2375 0.3609375
0 0.628125 0.6671875 0.2984375 0.3265625
0 0.3625 0.6703125 0.23125 0.371875
0 0.890625 0.6796875 0.2 0.4046875
0 0.884375 0.278125 0.2 0.340625
0 0.1265625 0.05 0.240625 0.1
0 0.3796875 0.053125 0.24375 0.10625
0 0.6390625 0.0484375 0.2375 0.096875
0 0.11875 0.959375 0.2375 0.08125
0 0.62734375 0.975 0.2984375 0.05
0 0.3625 0.9625 0.23125 0.075
0 0.890625 0.94921875 0.2 0.1015625
0 0.884375 0.05390625 0.2 0.1078125
