2 0.8140625 0.4859375 0.240625 0.5890625
2 0.36875 0.3375 0.0890625 0.3171875
2 0.546875 0.3390625 0.109375 0.296875
2 0.45 0.34375 0.0828125 0.3125
2 0.2953125 0.3609375 0.11875 0.3109375
2 0.1203125 0.3671875 0.134375 0.359375
2 0.8140625 0.02890625 0.240625 0.0578125
2 0.8140625 0.984375 0.240625 0.03125
2 0.36796875 0.03515625 0.0890625 0.0703125
2 0.546875 0.0296875 0.109375 0.059375
2 0.44921875 0.03125 0.0828125 0.0625
2 0.2953125 0.021875 0.11875 0.04375
2 0.1203125 0.03125 0.134375 0.0625
