2 0.19765625 0.37265625 0.0921875 0.19375
2 0.321875 0.14375 0.1078125 0.1953125
2 0.65 0.1421875 0.0921875 0.2015625
2 0.096875 0.8640625 0.0703125 0.1859375
2 0.4296875 0.6140625 0.09609375 0.190625
2 0.1140625 0.6125 0.09609375 0.203125
2 0.66328125 0.37421875 0.0859375 0.190625
2 0.09296875 0.37734375 0.10625 0.1859375
2 0.690625 0.85703125 0.1140625 0.19375
2 0.3421875 0.6203125 0.0921875 0.175
2 0.57890625 0.37578125 0.078125 0.1765625
2 0.43203125 0.38046875 0.10390625 0.1765625
2 0.68203125 0.62265625 0.06796875 0.1796875
2 0.81328125 0.6203125 0.08984375 0.1875
2 0.4203125 0.1484375 0.084375 0.1765625
2 0.4109375 0.85625 0.078125 0.1921875
2 0.89296875 0.3671875 0.10234375 0.1921875
2 0.84765625 0.86328125 0.084375 0.19375
2 0.175 0.85703125 0.08984375 0.2
2 0.81484375 0.14375 0.10625 0.2015625
2 0.8953125 0.8578125 0.08984375 0.1921875
2 0.91328125 0.62421875 0.08203125 0.1765625
2 0.34765625 0.3671875 0.084375 0.1890625
2 0.9 0.14921875 0.084375 0.19375
2 0.14296875 0.1421875 0.11796875 0.2046875
2 0.5578125 0.15 0.07578125 0.1828125
2 0.18984375 0.61953125 0.06796875 0.1765625
2 0.334375 0.86875 0.084375 0.1828125
2 0.59296875 0.61171875 0.1296875 0.1890625
2 0.55625 0.86171875 0.0796875 0.178125
2 0.1 0.15 0.07578125 0.1828125
2 0.8421875 0.375 0.08828125 0.18125
