2 0.2734375 0.63125 0.11875 0.340625
2 0.40625 0.5703125 0.103125 0.209375
2 0.5265625 0.64375 0.1359375 0.303125
2 0.840625 0.73125 0.190625 0.2453125
2 0.228125 0.3390625 0.1125 0.1453125
2 0.1078125 0.3203125 0.11875 0.134375
2 0.8765625 0.3671875 0.06875 0.121875
2 0.6390625 0.3671875 0.078125 0.1109375
2 0.9703125 0.2140625 0.0546875 0.1046875
2 0.834375 0.2765625 0.0703125 0.10625
2 0.5625 0.2671875 0.078125 0.11875
2 0.3453125 0.428125 0.0859375 0.15
2 0.2515625 0.209375 0.0671875 0.0921875
2 0.45 0.2140625 0.040625 0.071875
2 0.940625 0.54375 0.0890625 0.13125
2 0.8546875 0.5109375 0.09375 0.1796875
2 0.73125 0.4890625 0.0953125 0.1765625
2 0.2734375 0.97265625 0.11875 0.0546875
2 0.52578125 0.97578125 0.1359375 0.0484375
2 0.840625 0.94609375 0.190625 0.1078125
2 0.96953125 0.04375 0.0546875 0.0875
2 0.83359375 0.01328125 0.0703125 0.0265625
2 0.5625 0.02109375 0.078125 0.0421875
2 0.25078125 0.04296875 0.0671875 0.0859375
2 0.45 0.0359375 0.040625 0.071875
