2 0.91015625 0.49453125 0.1234375 0.31171875
2 0.18203125 0.82421875 0.103125 0.31484375
2 0.31484375 0.1703125 0.13984375 0.29296875
2 0.2671875 0.48984375 0.121875 0.33671875
2 0.91953125 0.17265625 0.0953125 0.3046875
2 0.6765625 0.8328125 0.1234375 0.321875
2 0.084375 0.1921875 0.08203125 0.26796875
2 0.34453125 0.82734375 0.09140625 0.321875
2 0.1671875 0.20390625 0.06484375 0.24140625
2 0.5203125 0.83046875 0.10703125 0.31484375
2 0.0984375 0.50234375 0.11015625 0.31171875
2 0.43828125 0.16640625 0.10703125 0.3203125
2 0.7703125 0.17109375 0.103125 0.31484375
2 0.825 0.8328125 0.09296875 0.31171875
2 0.4625 0.45546875 0.078125 0.23515625
2 0.59453125 0.16953125 0.0953125 0.31484375
2 0.90546875 0.82734375 0.1046875 0.31796875
